100
69
90
2
2
123
82
74
51
1
122
154
1
124
49
1
96
1
78
110
52
1
139
101
155
14
56
127
57
19
72
136
63
40
98
133
134
149
165
116
133
138
137
115
130
150
67
85
130
130
115
168
120
127
144
134
157
164
126
68
112
106
83
92
129
121
168
165
167
126
148
105
100
108
116
106
123
131
147
124
135
80
110
106
138
156
64
79
148
98
129
132
115
84
117
104
104
112
58
37
157
98
136
136
144
65
150
86
133
118
95
144
103
116
56
64
116
103
110
93
108
118
88
54
64
83
57
101
127
83
108
119
43
85
119
35
93
112
123
120
65
70
114
119
99
67
99
56
97
47
86
85
59
95
65
118
79
75
96
98
111
93
94
28
83
115
61
56
73
75
67
112
60
100
109
60
60
107
95
85
85
98
38
70
65
71
94
60
45
56
55
82
47
62
43
48
63
64
39
25
82
42
66
92
81
52
12
78
93
61
18
39
42
63
24
88
44
48
75
77
36
99
90
63
29
36
48
79
41
65
61
62
35
37
44
10
23
33
21
53
47
39
41
32
20
28
24
53
68
41
40
12
43
23
35
9
52
12
53
32
10
11
11
6
24
6
37
26
40
23
18
11
30
24
9
47
9
13
14
24
4
8
4
10
2
7
2
2
1
3
1
1
1
43
1
68
69
67
42
42
73
68
71
68
71
111
111
68
68
68
68
77
77
111
77
68
68
68
68
68
68
68
68
68
71
68
68
68
83
68
111
111
111
68
68
68
111
111
71
71
71
111
111
71
111
111
71
71
68
68
68
68
68
68
68
68
68
71
68
68
83
77
77
77
71
77
42
42
42
42
42
42
42
42
42
42
42
42
42
42
42
42
42
42
42
42
42
42
42
42
42
42
42
42
3
3
3
4
4
4
15
15
15
15
15
15
15
15
15
15
15
15
15
15
15
15
15
15
15
15
15
15
15
1
18
10
2
2
1
1
15
10
15
11
11
11
1
100
1
32
32
32
32
23
23
23
23
23
1
1
1
1
1
1
1
1
1
1
1
1
1
1
1
1
1
1
1
3
1
1
1
23
1
1
1
1
1
1
1
1
1
1
1
1
1
1
1
1
1
1
1
1
1
1
1
1
1
1
1
1
1
1
1
1
1
1
1
1
1
23
15
15
15
15
15
15
1
1
63
1
1
1
1
1
1
1
1
1
1
1
1
1
1
1
1
1
1
1
1
1
1
1
1
1
1
1
1
1
1
1
1
1
1
1
1
1
1
1
1
1
1
1
1
1
1
1
1
1
1
1
1
1
1
1
1
1
1
1
1
1
1
29
29
29
29
29
29
29
29
29
29
10
10
10
10
10
10
10
10
10
10
10
10
10
10
10
10
10
10
10
10
12
3
3
12
2
1
10
11
12
12
11
1
8
8
8
8
8
6
8
17
10
10
17
2
2
12
2
1
1
2
18
2
4
6
4
5
5
6
6
5
3
3
3
3
5
1
1
8
15
9
7
2
2
3
3
2
6
8
3
2
3
4
1
1
1
1
6
11
10
1
13
13
4
5
5
7
9
2
5
7
12
6
6
4
8
15
5
5
3
3
15
6
6
6
6
6
4
4
8
0
4
4
8
4
4
4
4
1
1
0
0
0
0
0
1
8
12
9
11
12
12
11
12
12
7
5
9
9
12
12
13
13
13
13
13
13
10
13
13
13
13
10
6
6
6
3
3
3
3
3
4
1
2
9
9
2
2
2
2
2
2
3
5
5
3
4
2
2
4
6
6
6
6
4
4
5
5
5
5
4
4
5
1
1
1
1
1
1
5
1
1
1
1
3
3
3
1
3
1
7
4
10
3
7
2
4
4
4
4
4
4
4
4
4
4
2
2
2
2
1
3
1
1
1
5
1
1
2
2
2
2
2
2
2
2
3
4
4
3
1
3
1
1
2
1
2
1
2
1
1
1
2
1
3
2
1
2
1
1
2
2
2
11
4
3
1
2
3
1
1
2
