29
114
5
50
79
42
29
1
54
2
90
92
124
106
78
91
115
113
70
103
85
111
77
119
90
89
107
95
87
48
66
63
101
91
29
69
67
81
72
108
93
33
79
53
64
88
101
55
93
122
98
71
31
45
61
62
58
71
57
64
66
73
80
79
77
48
77
73
59
85
42
68
70
75
53
42
29
57
74
106
54
91
104
50
65
78
101
39
86
73
92
43
58
50
63
43
50
53
50
38
42
29
81
50
69
71
50
49
67
88
52
33
53
43
52
52
24
87
49
42
32
29
43
20
9
76
31
46
39
17
39
37
20
24
15
75
22
64
22
21
74
18
16
18
64
29
81
20
38
46
38
11
31
45
34
70
25
42
57
49
76
45
29
44
36
51
38
44
56
29
39
19
18
65
10
59
27
54
39
33
72
51
52
16
24
10
54
33
41
46
33
31
23
33
40
39
32
30
33
26
19
11
24
37
41
26
21
31
22
26
9
35
31
34
6
30
23
39
29
21
13
18
16
18
5
3
2
13
22
14
13
8
8
8
15
10
13
19
13
12
25
16
39
12
17
18
20
8
12
17
9
13
6
9
22
5
18
6
6
16
10
4
12
9
10
11
26
3
6
20
3
5
4
6
7
7
6
3
2
2
1
4
3
3
1
1
2
6
2
1
1
40
46
53
52
1
38
25
25
20
35
37
61
21
25
48
52
19
12
31
29
35
55
36
57
52
40
34
19
20
54
19
45
33
67
43
37
45
30
31
40
42
17
22
13
25
32
31
32
35
57
51
55
13
9
27
15
23
50
31
21
52
21
6
10
27
26
9
13
7
16
23
25
17
12
9
6
22
18
25
4
13
4
11
16
12
11
13
4
6
9
6
8
5
2
5
3
2
1
1
63
1
1
1
1
1
1
1
1
1
1
1
1
1
1
1
1
1
1
1
1
1
1
1
1
1
1
1
1
1
1
1
1
1
1
1
1
1
1
1
1
1
1
1
1
1
1
1
1
1
1
1
1
1
1
1
1
1
1
1
1
1
1
21
23
21
28
18
7
29
20
30
13
4
17
19
5
19
14
16
12
11
6
22
18
7
22
21
11
19
7
15
13
6
21
5
14
10
12
13
2
2
2
4
2
3
1
2
2
4
2
14
14
18
32
31
25
27
28
28
28
17
19
23
23
25
26
20
25
16
19
21
25
19
23
23
13
9
10
8
17
16
14
5
16
6
10
8
5
2
8
2
1
1
1
29
29
29
29
29
29
29
29
29
29
10
10
10
10
10
10
10
10
10
10
10
10
10
10
10
10
10
10
10
10
0
0
0
4
3
20
3
3
3
3
3
3
4
13
2
13
13
0
4
12
12
4
4
4
4
4
12
11
18
8
9
17
8
11
12
12
15
9
15
5
15
1
10
18
2
2
2
2
2
2
2
2
16
15
12
15
4
6
8
12
4
10
15
10
7
12
11
6
7
5
2
10
3
2
13
12
10
17
26
16
22
27
11
24
16
16
12
14
25
8
10
16
15
6
3
19
23
23
12
4
3
6
8
4
16
19
8
4
9
5
4
2
2
1
4
8
15
5
5
3
3
15
6
6
6
6
6
4
4
8
12
12
13
13
13
13
13
13
10
13
13
13
13
10
11
2
6
1
1
3
8
4
6
4
4
6
1
5
3
1
2
6
6
2
5
3
4
1
9
8
2
2
2
2
2
2
2
2
18
28
24
12
10
9
11
11
8
7
2
5
8
6
6
2
6
3
4
2
4
1
6
6
6
3
3
3
3
3
4
1
3
3
3
3
3
7
3
3
7
7
9
1
1
1
1
1
1
1
1
1
5
2
3
6
1
3
2
2
6
2
3
1
4
4
4
4
6
1
1
1
1
1
1
2
3
3
2
5
1
4
4
4
4
4
4
4
4
4
4
2
3
2
1
2
3
2
1
2
2
3
1
3
2
3
2
4
33
4
3
7
4
10
1
1
3
3
3
2
1
1
2
1
2
2
2
7
4
2
4
3
3
