24
114
4
54
61
47
28
1
54
4
94
96
113
102
85
93
114
112
69
99
76
110
76
117
82
74
106
99
86
46
66
63
100
72
27
58
46
67
72
108
93
31
81
55
50
74
101
54
89
120
95
70
26
51
60
61
41
72
63
64
66
73
78
77
77
50
68
68
58
84
43
57
78
82
51
44
28
57
73
106
54
91
104
47
65
78
101
52
88
78
94
43
58
42
59
49
62
52
49
48
44
33
81
48
68
70
50
49
66
89
56
48
52
41
43
52
22
86
49
41
32
31
37
22
9
76
31
46
39
17
32
33
15
21
12
75
28
64
22
25
74
18
13
19
60
29
81
17
42
42
42
11
30
45
29
70
25
41
57
45
76
32
29
44
37
52
38
38
51
25
40
16
18
65
11
62
27
47
33
33
72
50
52
16
25
9
56
33
41
46
34
31
23
33
37
42
33
29
33
26
19
11
25
37
39
28
17
31
22
18
8
34
28
33
5
22
19
40
27
21
13
15
14
18
5
3
2
12
23
14
12
8
8
8
15
13
13
19
13
13
25
9
38
8
17
18
20
8
12
10
9
13
6
9
22
3
18
6
6
16
11
4
12
9
10
11
25
3
3
20
3
5
4
6
7
7
6
3
2
2
1
4
3
3
1
1
2
6
2
1
1
21
23
21
28
18
7
29
20
30
13
4
17
19
5
19
14
16
12
11
6
22
18
7
22
21
11
19
7
15
12
6
21
5
14
10
12
13
2
2
1
4
2
3
1
2
2
4
2
37
1
1
1
1
1
1
27
28
14
15
12
40
55
11
21
31
27
17
6
33
15
39
27
6
31
30
13
10
9
18
14
14
6
4
3
5
2
12
3
9
12
2
1
11
11
12
12
11
1
8
8
8
8
8
6
8
17
10
10
17
2
2
20
20
20
20
20
20
20
20
20
20
20
18
16
16
20
4
4
17
17
12
12
12
12
8
9
5
12
10
12
1
1
1
1
1
1
5
1
6
6
5
5
5
5
18
23
22
12
4
3
6
8
4
16
19
8
4
9
5
4
2
2
1
6
11
10
1
13
13
4
5
5
7
9
2
5
7
12
6
6
16
16
16
16
16
16
16
16
16
16
16
16
16
16
16
16
16
0
4
4
8
4
4
4
4
1
1
0
0
0
0
0
11
11
13
13
13
13
13
13
10
13
13
13
13
10
10
3
3
3
7
7
7
4
4
4
4
4
4
4
38
1
29
38
37
7
27
11
16
11
8
7
11
2
6
1
1
3
8
4
6
4
4
6
1
11
10
2
2
2
2
2
2
2
2
5
8
6
6
2
6
3
4
2
4
1
3
3
3
3
3
7
3
3
7
7
9
1
1
1
1
1
1
1
1
1
6
5
4
4
6
5
2
2
2
2
9
9
2
2
2
2
2
2
7
2
3
8
1
3
2
2
3
5
5
3
4
2
2
2
2
2
2
5
5
1
3
3
2
5
2
4
4
4
4
4
2
2
2
2
2
3
2
1
2
2
2
2
1
5
1
1
2
2
2
2
2
2
2
2
3
1
1
1
4
1
6
2
5
1
3
1
2
2
2
1
2
1
3
6
1
2
2
2
1
2
1
